0 1 0.998721377 1.013950311 0.998098830 0.979273013
0 2 0.999518072 1.002806594 1.022624490 0.975665369
0 3 0.997547866 1.006617867 0.996336508 1.049707697
0 4 1.004827070 1.038470657 0.989680305 1.098655531
0 5 0.979105972 1.045375122 0.994174910 1.171607691
0 6 1.011240388 1.054319053 0.980315756 1.161117729
0 7 0.948330120 1.124508039 0.992127525 1.249173968
0 8 1.000000000 1.343685343 1.000000000 1.188899743
0 9 0.958015294 1.052643846 0.981844797 1.330570181
0 10 0.962050831 1.156655935 0.977431529 1.379850328
0 11 0.994740603 1.116549372 0.957473785 1.449245409
0 12 1.000000000 1.018702573 1.000000000 1.352643115
0 13 1.000000000 1.000000000 1.000000000 0.950000000
0 14 0.997340772 1.006102927 0.987411732 0.987473033
0 15 1.012783169 1.585018334 1.063333913 0.775810513
0 16 1.000000000 0.881405683 1.000000000 3.159776855
0 17 1.034630259 1.014678542 0.990954281 0.989843388
1 2 0.977794634 1.047578256 1.005894529 1.107654104
1 3 0.978880168 1.042352891 1.007671428 1.098650964
1 4 0.974424681 1.081025408 1.002677329 1.201264026
1 5 0.996082610 1.146949309 0.994515234 1.304886838
1 6 0.986415830 1.100576129 0.992868130 1.284462634
1 7 1.000000000 1.078877166 1.000000000 1.419029041
1 8 1.000000000 1.154135439 1.000000000 1.381770770
1 9 1.000000000 1.195952177 1.000000000 1.472607971
1 10 1.000000000 1.404554090 1.000000000 1.520975334
1 11 1.000000000 1.186067025 1.000000000 1.733280051
1 12 0.972532065 0.970115357 0.946134337 1.175696583
1 13 0.999521770 0.997082328 0.997190589 0.995157044
1 14 1.000000000 1.008690943 1.000000000 0.993425388
1 15 1.000000000 1.094749685 1.000000000 0.968808467
1 16 0.969501055 0.932629867 0.692868765 1.471831580
1 17 1.004166412 1.002212182 0.999069843 0.990034831
2 3 1.002525718 1.032876701 1.013871147 0.900949530
2 4 0.996898004 1.047596298 1.033620538 0.908772477
2 5 1.174760923 1.222437324 1.018171004 0.911498231
2 6 1.076551882 1.081909003 1.023339824 0.929982936
2 7 1.024311498 1.068406078 1.027000795 0.979217302
2 8 1.060793104 1.116793198 1.019180957 0.961218039
2 9 1.000000000 0.851343711 1.000000000 1.038675574
2 10 1.205469976 1.164585914 1.011806317 1.046169823
2 11 1.026169373 1.104043935 1.029690780 1.074455386
2 12 0.904142159 1.152792550 0.942320195 1.782924792
2 13 1.000000000 1.000000000 1.000000000 1.000000000
2 14 1.000000000 1.000000000 1.000000000 1.000000000
2 15 0.949055959 1.542328793 0.997372205 0.775453996
2 16 0.846647561 0.864141549 0.768377630 3.207456948
2 17 1.008392428 1.029205465 0.996512863 1.050971635
3 4 0.997607277 1.003034720 0.996199694 1.014730190
3 5 0.999157205 1.006179146 0.999130554 1.034832749
3 6 1.000000000 1.006616886 1.000000000 1.033283811
3 7 0.993851009 1.026085655 0.998688946 1.066665676
3 8 1.000000000 1.045439246 1.000000000 1.021150247
3 9 1.000000000 1.169701102 1.000000000 1.092177796
3 10 1.000000000 1.057666085 1.000000000 1.134532014
3 11 1.007469726 1.071917985 0.984068272 1.168636194
3 12 0.925367171 1.106072040 0.932969831 1.902008495
3 13 1.000000000 1.000000000 1.000000000 1.000000000
3 14 1.000000000 1.201417898 1.000000000 1.069224728
3 15 1.000000000 1.000000000 1.000000000 1.000000000
3 16 1.000000000 1.000000000 1.000000000 1.000000000
3 17 1.000000000 1.000000000 1.000000000 1.000000000
4 5 0.999795868 1.003264179 1.000310289 1.007392782
4 6 0.999243146 1.001156119 0.998012298 1.005250774
4 7 1.044919431 1.019921513 0.996484021 1.008344412
4 8 1.040459289 0.999432118 0.994364425 1.003269500
4 9 1.000000000 1.057872566 1.000000000 1.025657518
4 10 1.000000000 1.079648053 1.000000000 1.050044169
4 11 1.000000000 1.102764612 1.000000000 1.063694129
4 12 1.000000000 1.074006110 1.000000000 2.308215191
4 13 1.000000000 1.000000000 1.000000000 1.000000000
4 14 1.000000000 1.108143673 1.000000000 1.197564208
4 15 1.000000000 1.011759763 1.000000000 0.600340961
4 16 1.000000000 1.000000000 1.000000000 1.000000000
4 17 1.000000000 1.000000000 1.000000000 1.000000000
5 6 1.000880464 1.000414440 1.000077547 1.001432824
5 7 1.000000000 1.018159650 1.000000000 1.002143640
5 8 1.000000000 1.002728262 1.000000000 1.000792201
5 9 1.000000000 1.034995284 1.000000000 1.009157060
5 10 1.000000000 1.019174227 1.000000000 1.021283378
5 11 1.000000000 1.046905515 1.000000000 1.033180106
5 12 1.000000000 1.232939523 1.000000000 2.509259945
5 13 1.000000000 1.000000000 1.000000000 1.000000000
5 14 1.000000000 1.084740904 1.000000000 1.174055065
5 15 1.000000000 1.223638763 1.000000000 0.615512682
5 16 1.000000000 1.000000000 1.000000000 1.000000000
5 17 1.000000000 1.214638734 1.000000000 1.245039498
6 7 1.000000000 1.002779804 1.000000000 1.002495889
6 8 1.000000000 1.002284197 1.000000000 1.001835788
6 9 1.000000000 1.010493989 1.000000000 1.006018054
6 10 1.000000000 1.021668316 1.000000000 1.009885760
6 11 1.000000000 1.032807063 1.000000000 1.013945424
6 12 1.000000000 1.147595688 1.000000000 1.895305393
6 13 1.000000000 1.000000000 1.000000000 1.000000000
6 14 1.000000000 1.087272232 1.000000000 1.161523504
6 15 1.000000000 1.000000000 1.000000000 1.000000000
6 16 1.000000000 1.000000000 1.000000000 1.000000000
6 17 1.000000000 1.000000000 1.000000000 1.000000000
7 8 1.000000000 1.000024352 1.000000000 1.000050537
7 9 1.000000000 1.002480637 1.000000000 1.000761237
7 10 1.000000000 1.008972412 1.000000000 1.002441051
7 11 1.000000000 1.069223964 1.000000000 1.016422347
7 12 1.000000000 1.188334783 1.000000000 2.013859174
7 13 1.000000000 1.000000000 1.000000000 1.000000000
7 14 1.000000000 1.119954454 1.000000000 1.206195595
7 15 1.000000000 0.956677310 1.000000000 0.447666011
7 16 1.000000000 1.000000000 1.000000000 1.000000000
7 17 1.000000000 1.000000000 1.000000000 1.000000000
8 9 1.000000000 1.002996055 1.000000000 1.001204174
8 10 1.000000000 1.009928531 1.000000000 1.003194615
8 11 1.000000000 1.017880981 1.000000000 1.005647480
8 12 1.000000000 1.184339122 1.000000000 1.996386669
8 13 1.000000000 1.000000000 1.000000000 1.000000000
8 14 1.000000000 1.116693501 1.000000000 1.199475627
8 15 1.000000000 1.000000000 1.000000000 1.000000000
8 16 1.000000000 1.000000000 1.000000000 1.000000000
8 17 1.000000000 1.000000000 1.000000000 1.000000000
9 10 1.000000000 1.001508227 1.000000000 0.999762786
9 11 1.000000000 1.006268954 1.000000000 1.001633952
9 12 1.000000000 1.243461678 1.000000000 3.021197546
9 13 1.000000000 1.000000000 1.000000000 1.000000000
9 14 1.000000000 1.155145836 1.000000000 1.233435828
9 15 1.000000000 1.170217596 1.000000000 0.569681333
9 16 1.000000000 1.000000000 1.000000000 1.000000000
9 17 1.000000000 1.000000000 1.000000000 1.000000000
10 11 1.000000000 1.006767176 1.000000000 0.998793111
10 12 1.000000000 1.159131722 1.000000000 3.169143057
10 13 1.000000000 1.000000000 1.000000000 1.000000000
10 14 1.000000000 1.190354273 1.000000000 1.256295219
10 15 1.000000000 1.000000000 1.000000000 1.000000000
10 16 1.000000000 1.000000000 1.000000000 1.000000000
10 17 1.000000000 1.000000000 1.000000000 1.000000000
11 12 1.000000000 1.305249405 1.000000000 2.191555216
11 13 1.000000000 1.000000000 1.000000000 1.000000000
11 14 1.000000000 1.219206702 1.000000000 1.276744779
11 15 1.000000000 0.599484191 1.000000000 0.662072469
11 16 1.000000000 1.000000000 1.000000000 1.000000000
11 17 1.000000000 1.000000000 1.000000000 1.000000000
12 13 1.000000000 1.000000000 1.000000000 1.000000000
12 14 1.000000000 1.121416201 1.000000000 1.377504607
12 15 1.000000000 1.000000000 1.000000000 1.000000000
12 16 1.000000000 1.000000000 1.000000000 1.000000000
12 17 1.000000000 1.000000000 1.000000000 1.000000000
13 14 1.000000000 1.000000000 1.000000000 1.000000000
13 15 1.000000000 1.143174289 1.000000000 0.964767932
13 16 1.000000000 1.000000000 1.000000000 1.000000000
13 17 0.999746847 0.993907223 1.000023103 0.990430423
14 15 1.000000000 1.000000000 1.000000000 1.000000000
14 16 1.000000000 1.000000000 1.000000000 1.000000000
14 17 1.000000000 1.159720623 1.000000000 0.954215746
15 16 1.000000000 1.000000000 1.000000000 1.000000000
15 17 1.000000000 1.038993495 1.000000000 1.070941866
16 17 1.000000000 1.000000000 1.000000000 1.000000000
